Soluciones no dominadas del ejemplar: dtlz1

Individuo 1:
  Variables: [0.5468, 0.9414, 0.5996, 0.5008, 0.5005, 0.5997, 0.4006]
  Objetivos: [1.1005, 0.0685, 0.9689]

Individuo 2:
  Variables: [0.5015, 0.8799, 0.5996, 0.5008, 0.5004, 0.5997, 0.4006]
  Objetivos: [0.9409, 0.1284, 1.0629]

Individuo 3:
  Variables: [0.7001, 0.8926, 0.5996, 0.5008, 0.5002, 0.5997, 0.4006]
  Objetivos: [1.3246, 0.1595, 0.6357]

Individuo 4:
  Variables: [0.5185, 0.9028, 0.5996, 0.5008, 0.5005, 0.5997, 0.4006]
  Objetivos: [0.9998, 0.1076, 1.0285]

Individuo 5:
  Variables: [0.5762, 0.8283, 0.5996, 0.5008, 0.5004, 0.5997, 0.4006]
  Objetivos: [1.0186, 0.2112, 0.9045]

Individuo 6:
  Variables: [0.5202, 0.8381, 0.5995, 0.5008, 0.5004, 0.5997, 0.4006]
  Objetivos: [0.9334, 0.1803, 1.0272]

Individuo 7:
  Variables: [0.499, 0.8324, 0.5996, 0.5008, 0.5004, 0.5997, 0.4006]
  Objetivos: [0.8875, 0.1787, 1.0704]

Individuo 8:
  Variables: [0.6386, 0.8938, 0.5996, 0.5008, 0.5004, 0.5997, 0.4006]
  Objetivos: [1.2153, 0.1443, 0.7696]

Individuo 9:
  Variables: [0.4739, 0.8417, 0.5996, 0.5008, 0.5004, 0.5997, 0.4006]
  Objetivos: [0.8516, 0.1602, 1.1235]

Individuo 10:
  Variables: [0.5117, 0.8938, 0.5996, 0.5008, 0.5004, 0.5997, 0.4006]
  Objetivos: [0.9753, 0.1158, 1.0412]

Individuo 11:
  Variables: [0.4982, 0.8382, 0.5996, 0.5008, 0.5005, 0.5997, 0.4006]
  Objetivos: [0.8921, 0.1722, 1.0722]

Individuo 12:
  Variables: [0.7358, 0.9256, 0.5995, 0.5008, 0.5004, 0.5997, 0.4006]
  Objetivos: [1.4574, 0.1172, 0.5653]

Individuo 13:
  Variables: [0.6851, 0.9588, 0.5996, 0.5008, 0.5005, 0.5997, 0.4006]
  Objetivos: [1.4023, 0.0603, 0.6722]

Individuo 14:
  Variables: [0.5437, 0.9405, 0.5996, 0.5008, 0.5005, 0.5997, 0.4006]
  Objetivos: [1.0927, 0.0691, 0.975]

Individuo 15:
  Variables: [0.5902, 0.8016, 0.5996, 0.5008, 0.5002, 0.5997, 0.4006]
  Objetivos: [1.003, 0.2482, 0.8687]

Individuo 16:
  Variables: [0.5088, 0.8469, 0.5996, 0.5008, 0.5005, 0.5997, 0.4006]
  Objetivos: [0.9211, 0.1665, 1.0497]

Individuo 17:
  Variables: [0.4833, 0.8032, 0.5996, 0.5008, 0.5005, 0.5997, 0.4006]
  Objetivos: [0.8291, 0.2032, 1.1037]

Individuo 18:
  Variables: [0.6652, 0.9333, 0.5995, 0.5008, 0.5004, 0.5997, 0.4006]
  Objetivos: [1.3278, 0.095, 0.716]

Individuo 19:
  Variables: [0.4802, 0.9295, 0.5996, 0.5008, 0.5004, 0.5997, 0.4006]
  Objetivos: [0.9529, 0.0722, 1.1096]

Individuo 20:
  Variables: [0.5702, 1.0, 0.5996, 0.5008, 0.5004, 0.5997, 0.4006]
  Objetivos: [1.2157, 0.0, 0.9165]

Individuo 21:
  Variables: [0.5777, 0.9602, 0.5996, 0.5008, 0.5005, 0.5997, 0.4006]
  Objetivos: [1.1862, 0.0491, 0.9029]

Individuo 22:
  Variables: [0.4953, 1.0, 0.5996, 0.5008, 0.5005, 0.5997, 0.4006]
  Objetivos: [1.0591, 0.0, 1.0791]

Individuo 23:
  Variables: [0.4982, 0.9555, 0.5995, 0.5008, 0.5005, 0.5997, 0.4006]
  Objetivos: [1.0192, 0.0475, 1.0743]

Individuo 24:
  Variables: [0.6399, 0.8337, 0.5996, 0.5008, 0.5003, 0.5997, 0.4006]
  Objetivos: [1.1334, 0.226, 0.7649]

Individuo 25:
  Variables: [0.49, 0.8992, 0.5996, 0.5008, 0.5005, 0.5997, 0.4006]
  Objetivos: [0.9417, 0.1056, 1.0899]

Individuo 26:
  Variables: [0.5575, 0.8029, 0.5995, 0.5008, 0.5004, 0.5997, 0.4006]
  Objetivos: [0.9563, 0.2348, 0.9455]

Individuo 27:
  Variables: [0.6741, 0.8271, 0.5996, 0.5008, 0.5004, 0.5997, 0.4006]
  Objetivos: [1.1885, 0.2485, 0.6946]

Individuo 28:
  Variables: [0.6664, 0.9578, 0.5996, 0.5008, 0.5003, 0.5997, 0.4006]
  Objetivos: [1.357, 0.0598, 0.7094]

Individuo 29:
  Variables: [0.3596, 0.9227, 0.5996, 0.5008, 0.5004, 0.5997, 0.4006]
  Objetivos: [0.7076, 0.0593, 1.3656]

Individuo 30:
  Variables: [0.4913, 0.9191, 0.5996, 0.5008, 0.5005, 0.5997, 0.4006]
  Objetivos: [0.9648, 0.085, 1.0869]

Individuo 31:
  Variables: [0.5049, 0.9417, 0.5996, 0.5008, 0.5005, 0.5997, 0.4006]
  Objetivos: [1.0153, 0.0629, 1.0575]

Individuo 32:
  Variables: [0.5395, 0.9485, 0.5996, 0.5008, 0.5005, 0.5997, 0.4006]
  Objetivos: [1.093, 0.0593, 0.9836]

Individuo 33:
  Variables: [0.5721, 0.9518, 0.5996, 0.5008, 0.5005, 0.5997, 0.4006]
  Objetivos: [1.1646, 0.059, 0.9151]

Individuo 34:
  Variables: [0.6764, 0.7519, 0.5996, 0.5008, 0.5004, 0.5997, 0.4006]
  Objetivos: [1.0853, 0.3581, 0.6905]

Individuo 35:
  Variables: [0.4686, 0.8534, 0.5996, 0.5008, 0.5005, 0.5997, 0.4006]
  Objetivos: [0.8546, 0.1469, 1.1359]

Individuo 36:
  Variables: [0.6892, 0.7981, 0.5996, 0.5008, 0.5005, 0.5997, 0.4006]
  Objetivos: [1.1752, 0.2973, 0.6642]

Individuo 37:
  Variables: [0.5692, 0.6818, 0.5996, 0.5008, 0.5005, 0.5997, 0.4006]
  Objetivos: [0.829, 0.3869, 0.9202]

Individuo 38:
  Variables: [0.5929, 0.7885, 0.5996, 0.5008, 0.5003, 0.5997, 0.4006]
  Objetivos: [0.9928, 0.2663, 0.8644]

Individuo 39:
  Variables: [0.5434, 0.9403, 0.5996, 0.5008, 0.5005, 0.5997, 0.4006]
  Objetivos: [1.0923, 0.0694, 0.976]

Individuo 40:
  Variables: [0.5799, 0.9575, 0.5996, 0.5008, 0.5004, 0.5997, 0.4006]
  Objetivos: [1.1854, 0.0526, 0.8967]

Individuo 41:
  Variables: [0.5349, 0.8037, 0.5996, 0.5008, 0.5005, 0.5997, 0.4006]
  Objetivos: [0.9189, 0.2244, 0.9941]

Individuo 42:
  Variables: [0.5159, 0.8297, 0.5996, 0.5008, 0.5005, 0.5997, 0.4006]
  Objetivos: [0.914, 0.1876, 1.0337]

Individuo 43:
  Variables: [0.3629, 0.956, 0.5996, 0.5008, 0.5003, 0.5997, 0.4006]
  Objetivos: [0.7364, 0.0339, 1.3524]

Individuo 44:
  Variables: [0.4978, 0.9542, 0.5996, 0.5008, 0.5005, 0.5997, 0.4006]
  Objetivos: [1.0155, 0.0488, 1.0735]

Individuo 45:
  Variables: [0.5117, 0.8501, 0.5996, 0.5008, 0.5004, 0.5997, 0.4006]
  Objetivos: [0.9285, 0.1638, 1.0425]

Individuo 46:
  Variables: [0.4987, 0.8837, 0.5996, 0.5008, 0.5005, 0.5997, 0.4006]
  Objetivos: [0.9418, 0.124, 1.0713]

Individuo 47:
  Variables: [0.4943, 0.8787, 0.5996, 0.5008, 0.5004, 0.5997, 0.4006]
  Objetivos: [0.9247, 0.1276, 1.0764]

Individuo 48:
  Variables: [0.7838, 0.9617, 0.5996, 0.5008, 0.5004, 0.5997, 0.4006]
  Objetivos: [1.6072, 0.0641, 0.461]

Individuo 49:
  Variables: [0.579, 0.9451, 0.5996, 0.5008, 0.5004, 0.5997, 0.4006]
  Objetivos: [1.1678, 0.0679, 0.8985]

Individuo 50:
  Variables: [0.5128, 0.8873, 0.5996, 0.5008, 0.5005, 0.5997, 0.4006]
  Objetivos: [0.9726, 0.1235, 1.0413]

Individuo 51:
  Variables: [0.5006, 0.9269, 0.5996, 0.5008, 0.5004, 0.5997, 0.4006]
  Objetivos: [0.9874, 0.0779, 1.0629]

Individuo 52:
  Variables: [0.6869, 0.8659, 0.5996, 0.5008, 0.5005, 0.5997, 0.4006]
  Objetivos: [1.2712, 0.1969, 0.6692]

Individuo 53:
  Variables: [0.5352, 0.8519, 0.5995, 0.5008, 0.5005, 0.5997, 0.4006]
  Objetivos: [0.9776, 0.1699, 0.9964]

Individuo 54:
  Variables: [0.4859, 0.9154, 0.5996, 0.5008, 0.5004, 0.5997, 0.4006]
  Objetivos: [0.949, 0.0877, 1.0971]

Individuo 55:
  Variables: [0.6468, 0.8656, 0.5996, 0.5008, 0.5004, 0.5997, 0.4006]
  Objetivos: [1.195, 0.1856, 0.7539]

Individuo 56:
  Variables: [0.6769, 0.7573, 0.5996, 0.5008, 0.5004, 0.5997, 0.4006]
  Objetivos: [1.0933, 0.3503, 0.6891]

Individuo 57:
  Variables: [0.4951, 0.9074, 0.5996, 0.5008, 0.5005, 0.5997, 0.4006]
  Objetivos: [0.9614, 0.0981, 1.0804]

Individuo 58:
  Variables: [0.5053, 0.7357, 0.5996, 0.5008, 0.5004, 0.5997, 0.4006]
  Objetivos: [0.7932, 0.285, 1.0557]

Individuo 59:
  Variables: [0.5112, 0.9048, 0.5996, 0.5008, 0.5004, 0.5997, 0.4006]
  Objetivos: [0.9867, 0.1038, 1.0426]

Individuo 60:
  Variables: [0.5392, 0.8709, 0.5996, 0.5008, 0.5004, 0.5997, 0.4006]
  Objetivos: [0.9988, 0.1481, 0.98]

Individuo 61:
  Variables: [0.5644, 0.844, 0.5996, 0.5008, 0.5003, 0.5997, 0.4006]
  Objetivos: [1.0133, 0.1873, 0.9267]

Individuo 62:
  Variables: [0.7331, 0.9152, 0.5996, 0.5008, 0.5004, 0.5997, 0.4006]
  Objetivos: [1.4327, 0.1328, 0.5701]

Individuo 63:
  Variables: [0.5788, 0.9533, 0.5996, 0.5008, 0.5004, 0.5997, 0.4006]
  Objetivos: [1.1786, 0.0577, 0.8995]

Individuo 64:
  Variables: [0.5796, 0.9398, 0.5996, 0.5008, 0.5004, 0.5997, 0.4006]
  Objetivos: [1.1632, 0.0745, 0.8979]

Individuo 65:
  Variables: [0.5379, 0.9056, 0.5996, 0.5008, 0.5005, 0.5997, 0.4006]
  Objetivos: [1.0409, 0.1085, 0.9875]

Individuo 66:
  Variables: [0.5918, 0.8573, 0.5996, 0.5008, 0.5005, 0.5997, 0.4006]
  Objetivos: [1.0833, 0.1803, 0.8716]

Individuo 67:
  Variables: [0.5899, 0.812, 0.5996, 0.5008, 0.5005, 0.5997, 0.4006]
  Objetivos: [1.0234, 0.237, 0.8763]

Individuo 68:
  Variables: [0.5555, 0.9142, 0.5996, 0.5008, 0.5004, 0.5997, 0.4006]
  Objetivos: [1.0842, 0.1017, 0.9491]

Individuo 69:
  Variables: [0.5388, 0.9127, 0.5996, 0.5008, 0.5004, 0.5997, 0.4006]
  Objetivos: [1.0497, 0.1004, 0.9843]

Individuo 70:
  Variables: [0.6657, 0.8993, 0.5996, 0.5008, 0.5005, 0.5997, 0.4006]
  Objetivos: [1.2783, 0.1431, 0.7139]

Individuo 71:
  Variables: [0.7182, 0.9495, 0.5996, 0.5008, 0.5004, 0.5997, 0.4006]
  Objetivos: [1.4551, 0.0774, 0.6012]

Individuo 72:
  Variables: [0.5092, 0.8923, 0.5996, 0.5008, 0.5004, 0.5997, 0.4006]
  Objetivos: [0.9702, 0.1171, 1.0478]

Individuo 73:
  Variables: [0.6002, 0.9272, 0.5995, 0.5008, 0.5005, 0.5997, 0.4006]
  Objetivos: [1.1904, 0.0934, 0.855]

Individuo 74:
  Variables: [0.6102, 0.9533, 0.5996, 0.5008, 0.5004, 0.5997, 0.4006]
  Objetivos: [1.2415, 0.0608, 0.8318]

Individuo 75:
  Variables: [0.4897, 0.8736, 0.5996, 0.5008, 0.5004, 0.5997, 0.4006]
  Objetivos: [0.9134, 0.1321, 1.0896]

Individuo 76:
  Variables: [0.5788, 0.916, 0.5996, 0.5008, 0.5005, 0.5997, 0.4006]
  Objetivos: [1.1323, 0.1038, 0.8996]

Individuo 77:
  Variables: [0.7674, 0.8493, 0.5996, 0.5008, 0.5004, 0.5997, 0.4006]
  Objetivos: [1.3905, 0.2468, 0.4961]

Individuo 78:
  Variables: [0.6247, 0.8531, 0.5996, 0.5008, 0.5004, 0.5997, 0.4006]
  Objetivos: [1.137, 0.1957, 0.8008]

Individuo 79:
  Variables: [0.5983, 0.8978, 0.5996, 0.5008, 0.5004, 0.5997, 0.4006]
  Objetivos: [1.147, 0.1306, 0.8577]

Individuo 80:
  Variables: [0.5412, 0.986, 0.5996, 0.5008, 0.5004, 0.5997, 0.4006]
  Objetivos: [1.1401, 0.0161, 0.9803]

Individuo 81:
  Variables: [0.5067, 0.9287, 0.5995, 0.5008, 0.5004, 0.5997, 0.4006]
  Objetivos: [1.0064, 0.0773, 1.0551]

Individuo 82:
  Variables: [0.5632, 0.9373, 0.5996, 0.5008, 0.5004, 0.5997, 0.4006]
  Objetivos: [1.1276, 0.0754, 0.933]

Individuo 83:
  Variables: [0.5659, 0.9547, 0.5995, 0.5008, 0.5004, 0.5997, 0.4006]
  Objetivos: [1.1557, 0.0549, 0.9286]

Individuo 84:
  Variables: [0.5408, 0.8611, 0.5996, 0.5008, 0.5005, 0.5997, 0.4006]
  Objetivos: [0.995, 0.1605, 0.981]

Individuo 85:
  Variables: [0.5631, 0.8262, 0.5996, 0.5008, 0.5004, 0.5997, 0.4006]
  Objetivos: [0.9911, 0.2086, 0.931]

Individuo 86:
  Variables: [0.5638, 0.9249, 0.5996, 0.5008, 0.5003, 0.5997, 0.4006]
  Objetivos: [1.1084, 0.09, 0.9272]

Individuo 87:
  Variables: [0.5232, 0.9123, 0.5995, 0.5008, 0.5005, 0.5997, 0.4006]
  Objetivos: [1.021, 0.0982, 1.0199]

Individuo 88:
  Variables: [0.5518, 0.9035, 0.5996, 0.5008, 0.5004, 0.5997, 0.4006]
  Objetivos: [1.0638, 0.1136, 0.9564]

Individuo 89:
  Variables: [0.5444, 0.9162, 0.5996, 0.5008, 0.5004, 0.5997, 0.4006]
  Objetivos: [1.0643, 0.0973, 0.9723]

Individuo 90:
  Variables: [0.5291, 0.8892, 0.5996, 0.5008, 0.5004, 0.5997, 0.4006]
  Objetivos: [1.0027, 0.125, 1.0038]

Individuo 91:
  Variables: [0.5579, 0.9208, 0.5996, 0.5008, 0.5004, 0.5997, 0.4006]
  Objetivos: [1.0968, 0.0944, 0.9438]

Individuo 92:
  Variables: [0.5327, 0.8744, 0.5996, 0.5008, 0.5004, 0.5997, 0.4006]
  Objetivos: [0.9941, 0.1428, 0.9971]

Individuo 93:
  Variables: [0.5163, 0.7417, 0.5996, 0.5008, 0.5004, 0.5997, 0.4006]
  Objetivos: [0.8174, 0.2847, 1.0326]

Individuo 94:
  Variables: [0.697, 0.9524, 0.5996, 0.5008, 0.5004, 0.5997, 0.4006]
  Objetivos: [1.4171, 0.0709, 0.6468]

Individuo 95:
  Variables: [0.6659, 0.8796, 0.5996, 0.5008, 0.5005, 0.5997, 0.4006]
  Objetivos: [1.2527, 0.1714, 0.7145]

Individuo 96:
  Variables: [0.6477, 0.9696, 0.5996, 0.5008, 0.5005, 0.5997, 0.4006]
  Objetivos: [1.3426, 0.0421, 0.7532]

Individuo 97:
  Variables: [0.66, 0.8815, 0.5996, 0.5008, 0.5003, 0.5997, 0.4006]
  Objetivos: [1.2362, 0.1662, 0.7225]

Individuo 98:
  Variables: [0.5976, 0.814, 0.5995, 0.5008, 0.5003, 0.5997, 0.4006]
  Objetivos: [1.0359, 0.2367, 0.8571]

Individuo 99:
  Variables: [0.4242, 0.8672, 0.5996, 0.5008, 0.5004, 0.5997, 0.4006]
  Objetivos: [0.7855, 0.1203, 1.2295]

Individuo 100:
  Variables: [0.5797, 0.8731, 0.5996, 0.5008, 0.5005, 0.5997, 0.4006]
  Objetivos: [1.0816, 0.1572, 0.898]

Individuo 101:
  Variables: [0.4483, 0.9318, 0.5996, 0.5008, 0.5005, 0.5997, 0.4006]
  Objetivos: [0.8919, 0.0653, 1.1779]

Individuo 102:
  Variables: [0.5181, 0.9305, 0.5996, 0.5008, 0.5005, 0.5997, 0.4006]
  Objetivos: [1.0295, 0.0769, 1.029]

Individuo 103:
  Variables: [0.5869, 0.904, 0.5996, 0.5008, 0.5005, 0.5997, 0.4006]
  Objetivos: [1.1338, 0.1204, 0.8827]

Individuo 104:
  Variables: [0.5417, 1.0, 0.5996, 0.5008, 0.5005, 0.5997, 0.4006]
  Objetivos: [1.1569, 0.0, 0.9788]

Individuo 105:
  Variables: [0.5211, 0.8849, 0.5996, 0.5008, 0.5005, 0.5997, 0.4006]
  Objetivos: [0.985, 0.1282, 1.0231]

Individuo 106:
  Variables: [0.6233, 0.8254, 0.5996, 0.5008, 0.5004, 0.5997, 0.4006]
  Objetivos: [1.0974, 0.2322, 0.8037]

Individuo 107:
  Variables: [0.5416, 0.9043, 0.5996, 0.5008, 0.5005, 0.5997, 0.4006]
  Objetivos: [1.0459, 0.1107, 0.9789]

Individuo 108:
  Variables: [0.5537, 0.8197, 0.5995, 0.5008, 0.5004, 0.5997, 0.4006]
  Objetivos: [0.9687, 0.2131, 0.9526]

Individuo 109:
  Variables: [0.5327, 0.9352, 0.5996, 0.5008, 0.5005, 0.5997, 0.4006]
  Objetivos: [1.0652, 0.0738, 0.9991]

Individuo 110:
  Variables: [0.5921, 0.8381, 0.5996, 0.5008, 0.5005, 0.5997, 0.4006]
  Objetivos: [1.0619, 0.2051, 0.8729]

Individuo 111:
  Variables: [0.5137, 0.8381, 0.5996, 0.5008, 0.5004, 0.5997, 0.4006]
  Objetivos: [0.9202, 0.1777, 1.0394]

Individuo 112:
  Variables: [0.5242, 0.9322, 0.5996, 0.5008, 0.5005, 0.5997, 0.4008]
  Objetivos: [1.0539, 0.0767, 1.0262]

Individuo 113:
  Variables: [0.5784, 0.7224, 0.5996, 0.5008, 0.5005, 0.5997, 0.4006]
  Objetivos: [0.8924, 0.343, 0.9006]

Individuo 114:
  Variables: [0.6065, 0.8878, 0.5996, 0.5008, 0.5003, 0.5997, 0.4006]
  Objetivos: [1.1455, 0.1447, 0.837]

Individuo 115:
  Variables: [0.4941, 0.9462, 0.5995, 0.5008, 0.5004, 0.5997, 0.4006]
  Objetivos: [0.999, 0.0568, 1.0808]

Individuo 116:
  Variables: [0.5812, 0.959, 0.5996, 0.5008, 0.5004, 0.5997, 0.4006]
  Objetivos: [1.1896, 0.0509, 0.894]

Individuo 117:
  Variables: [0.5244, 0.8959, 0.5996, 0.5008, 0.5005, 0.5997, 0.4006]
  Objetivos: [1.0044, 0.1167, 1.0169]

Individuo 118:
  Variables: [0.4773, 0.8581, 0.5996, 0.5008, 0.5005, 0.5997, 0.4006]
  Objetivos: [0.8746, 0.1446, 1.1162]

Individuo 119:
  Variables: [0.6672, 0.9412, 0.5996, 0.5008, 0.5005, 0.5997, 0.4006]
  Objetivos: [1.3419, 0.0838, 0.7111]

Individuo 120:
  Variables: [0.6085, 0.9535, 0.5996, 0.5008, 0.5005, 0.5997, 0.4006]
  Objetivos: [1.2406, 0.0605, 0.8372]

Individuo 121:
  Variables: [0.5829, 0.9111, 0.5996, 0.5008, 0.5005, 0.5997, 0.4006]
  Objetivos: [1.1356, 0.1108, 0.892]

Individuo 122:
  Variables: [0.5399, 0.8947, 0.5995, 0.5008, 0.5004, 0.5997, 0.4006]
  Objetivos: [1.035, 0.1219, 0.9859]

Individuo 123:
  Variables: [0.4788, 0.7373, 0.5996, 0.5008, 0.5005, 0.5997, 0.4006]
  Objetivos: [0.7542, 0.2687, 1.1134]

Individuo 124:
  Variables: [0.5809, 0.9041, 0.5996, 0.5008, 0.5003, 0.5997, 0.4006]
  Objetivos: [1.116, 0.1183, 0.8907]

Individuo 125:
  Variables: [0.49, 0.8597, 0.5996, 0.5008, 0.5004, 0.5997, 0.4006]
  Objetivos: [0.8962, 0.1463, 1.0851]

Individuo 126:
  Variables: [0.5644, 0.9354, 0.5996, 0.5008, 0.5005, 0.5997, 0.4006]
  Objetivos: [1.1276, 0.0778, 0.9302]

Individuo 127:
  Variables: [0.4877, 0.9152, 0.5996, 0.5008, 0.5004, 0.5997, 0.4006]
  Objetivos: [0.9501, 0.088, 1.0905]

Individuo 128:
  Variables: [0.5382, 0.8885, 0.5996, 0.5008, 0.5004, 0.5997, 0.4006]
  Objetivos: [1.0202, 0.128, 0.9852]

Individuo 129:
  Variables: [0.5464, 0.8878, 0.5996, 0.5008, 0.5004, 0.5997, 0.4006]
  Objetivos: [1.0346, 0.1308, 0.9676]

Individuo 130:
  Variables: [0.7127, 0.9317, 0.5996, 0.5008, 0.5004, 0.5997, 0.4006]
  Objetivos: [1.4181, 0.104, 0.6137]

Individuo 131:
  Variables: [0.6165, 0.8755, 0.5995, 0.5008, 0.5004, 0.5997, 0.4006]
  Objetivos: [1.1505, 0.1635, 0.8173]

Individuo 132:
  Variables: [0.5664, 0.7773, 0.5996, 0.5008, 0.5003, 0.5997, 0.4006]
  Objetivos: [0.9389, 0.2691, 0.9247]

Individuo 133:
  Variables: [0.5448, 0.9558, 0.5995, 0.5008, 0.5005, 0.5997, 0.4006]
  Objetivos: [1.1137, 0.0515, 0.9737]

