Soluciones no dominadas del ejemplar: dtlz2

Individuo 1:
  Variables: [1.0, 0.6636, 0.4929, 0.5091, 0.4943, 0.4971, 0.4869]
  Objetivos: [0.0, 0.0, 1.0003]

Individuo 2:
  Variables: [1.0, 0.7016, 0.5003, 0.5125, 0.5163, 0.5135, 0.5108]
  Objetivos: [0.0, 0.0, 1.0007]

Individuo 3:
  Variables: [1.0, 0.5372, 0.5052, 0.4719, 0.4968, 0.485, 0.4823]
  Objetivos: [0.0, 0.0, 1.0014]

Individuo 4:
  Variables: [1.0, 0.5763, 0.515, 0.5018, 0.5034, 0.5304, 0.5019]
  Objetivos: [0.0, 0.0, 1.0012]

Individuo 5:
  Variables: [1.0, 0.5106, 0.4913, 0.5134, 0.5032, 0.4865, 0.5094]
  Objetivos: [0.0, 0.0, 1.0005]

Individuo 6:
  Variables: [1.0, 0.5998, 0.4958, 0.4994, 0.4905, 0.4994, 0.5021]
  Objetivos: [0.0, 0.0, 1.0001]

Individuo 7:
  Variables: [1.0, 0.6447, 0.5048, 0.4953, 0.5219, 0.5058, 0.48]
  Objetivos: [0.0, 0.0, 1.001]

Individuo 8:
  Variables: [1.0, 0.5583, 0.4903, 0.5173, 0.493, 0.4962, 0.5098]
  Objetivos: [0.0, 0.0, 1.0006]

Individuo 9:
  Variables: [1.0, 0.5424, 0.5156, 0.5003, 0.5197, 0.506, 0.5017]
  Objetivos: [0.0, 0.0, 1.0007]

Individuo 10:
  Variables: [1.0, 0.211, 0.5381, 0.484, 0.507, 0.4723, 0.5081]
  Objetivos: [0.0, 0.0, 1.0026]

Individuo 11:
  Variables: [1.0, 0.6088, 0.4998, 0.5096, 0.4981, 0.5201, 0.5041]
  Objetivos: [0.0, 0.0, 1.0005]

Individuo 12:
  Variables: [1.0, 0.6269, 0.5056, 0.4988, 0.4938, 0.4957, 0.4992]
  Objetivos: [0.0, 0.0, 1.0001]

Individuo 13:
  Variables: [1.0, 0.2185, 0.5085, 0.5011, 0.5391, 0.4873, 0.4989]
  Objetivos: [0.0, 0.0, 1.0018]

Individuo 14:
  Variables: [1.0, 0.9614, 0.5197, 0.5026, 0.4803, 0.501, 0.513]
  Objetivos: [0.0, 0.0, 1.001]

Individuo 15:
  Variables: [1.0, 0.406, 0.5067, 0.4955, 0.4946, 0.4981, 0.5051]
  Objetivos: [0.0, 0.0, 1.0001]

Individuo 16:
  Variables: [1.0, 0.0, 0.4997, 0.501, 0.5345, 0.5213, 0.5069]
  Objetivos: [0.0, 0.0, 1.0017]

Individuo 17:
  Variables: [1.0, 0.6338, 0.4912, 0.4943, 0.499, 0.5348, 0.502]
  Objetivos: [0.0, 0.0, 1.0013]

Individuo 18:
  Variables: [1.0, 0.0058, 0.5195, 0.5141, 0.4757, 0.5213, 0.5042]
  Objetivos: [0.0, 0.0, 1.0016]

Individuo 19:
  Variables: [1.0, 0.3735, 0.5044, 0.4988, 0.5048, 0.5038, 0.5195]
  Objetivos: [0.0, 0.0, 1.0004]

Individuo 20:
  Variables: [1.0, 0.6901, 0.5036, 0.5125, 0.5164, 0.5188, 0.4862]
  Objetivos: [0.0, 0.0, 1.001]

Individuo 21:
  Variables: [1.0, 0.5475, 0.5031, 0.4781, 0.5034, 0.4994, 0.5061]
  Objetivos: [0.0, 0.0, 1.0005]

Individuo 22:
  Variables: [1.0, 0.1301, 0.5043, 0.5158, 0.5083, 0.4908, 0.4997]
  Objetivos: [0.0, 0.0, 1.0004]

Individuo 23:
  Variables: [1.0, 0.479, 0.4898, 0.5106, 0.499, 0.4961, 0.5086]
  Objetivos: [0.0, 0.0, 1.0003]

Individuo 24:
  Variables: [1.0, 0.6996, 0.4993, 0.4938, 0.4977, 0.5275, 0.4829]
  Objetivos: [0.0, 0.0, 1.0011]

Individuo 25:
  Variables: [1.0, 0.4002, 0.5149, 0.5066, 0.4998, 0.5112, 0.5664]
  Objetivos: [0.0, 0.0, 1.0048]

Individuo 26:
  Variables: [1.0, 0.5085, 0.5006, 0.5007, 0.4881, 0.5085, 0.5134]
  Objetivos: [0.0, 0.0, 1.0004]

Individuo 27:
  Variables: [1.0, 0.738, 0.4939, 0.5167, 0.5051, 0.5024, 0.4819]
  Objetivos: [0.0, 0.0, 1.0007]

Individuo 28:
  Variables: [1.0, 0.6988, 0.5004, 0.4812, 0.5001, 0.4848, 0.4742]
  Objetivos: [0.0, 0.0, 1.0013]

Individuo 29:
  Variables: [1.0, 0.1329, 0.4875, 0.4893, 0.4994, 0.515, 0.4938]
  Objetivos: [0.0, 0.0, 1.0005]

Individuo 30:
  Variables: [1.0, 0.6495, 0.5177, 0.5066, 0.4933, 0.4996, 0.5015]
  Objetivos: [0.0, 0.0, 1.0004]

Individuo 31:
  Variables: [1.0, 0.5779, 0.4912, 0.52, 0.5137, 0.4928, 0.4962]
  Objetivos: [0.0, 0.0, 1.0007]

Individuo 32:
  Variables: [1.0, 0.4529, 0.4916, 0.4974, 0.4841, 0.4932, 0.4947]
  Objetivos: [0.0, 0.0, 1.0004]

Individuo 33:
  Variables: [1.0, 0.6566, 0.4884, 0.4995, 0.4925, 0.4896, 0.4932]
  Objetivos: [0.0, 0.0, 1.0003]

Individuo 34:
  Variables: [1.0, 0.3071, 0.5003, 0.5195, 0.4978, 0.5181, 0.4667]
  Objetivos: [0.0, 0.0, 1.0018]

Individuo 35:
  Variables: [1.0, 0.8702, 0.5054, 0.5023, 0.5058, 0.5119, 0.4854]
  Objetivos: [0.0, 0.0, 1.0004]

Individuo 36:
  Variables: [1.0, 0.5942, 0.5029, 0.5123, 0.4919, 0.4821, 0.5051]
  Objetivos: [0.0, 0.0, 1.0006]

Individuo 37:
  Variables: [1.0, 0.6229, 0.4842, 0.4859, 0.475, 0.5031, 0.5192]
  Objetivos: [0.0, 0.0, 1.0014]

Individuo 38:
  Variables: [1.0, 0.9352, 0.4798, 0.5095, 0.4855, 0.5096, 0.5056]
  Objetivos: [0.0, 0.0, 1.0008]

Individuo 39:
  Variables: [1.0, 0.8284, 0.4935, 0.4782, 0.4996, 0.5045, 0.5015]
  Objetivos: [0.0, 0.0, 1.0005]

Individuo 40:
  Variables: [1.0, 0.9711, 0.5032, 0.5113, 0.4666, 0.4766, 0.4985]
  Objetivos: [0.0, 0.0, 1.0018]

Individuo 41:
  Variables: [1.0, 0.3901, 0.4816, 0.5009, 0.5185, 0.5101, 0.4883]
  Objetivos: [0.0, 0.0, 1.0009]

Individuo 42:
  Variables: [1.0, 0.2961, 0.459, 0.4838, 0.5066, 0.494, 0.5129]
  Objetivos: [0.0, 0.0, 1.0022]

Individuo 43:
  Variables: [1.0, 0.8226, 0.514, 0.4889, 0.4882, 0.5011, 0.4948]
  Objetivos: [0.0, 0.0, 1.0005]

Individuo 44:
  Variables: [1.0, 0.552, 0.492, 0.4885, 0.5073, 0.5023, 0.5142]
  Objetivos: [0.0, 0.0, 1.0005]

Individuo 45:
  Variables: [1.0, 0.5321, 0.4755, 0.4829, 0.4973, 0.499, 0.4792]
  Objetivos: [0.0, 0.0, 1.0013]

Individuo 46:
  Variables: [1.0, 0.6145, 0.4756, 0.5037, 0.4949, 0.4998, 0.4955]
  Objetivos: [0.0, 0.0, 1.0007]

Individuo 47:
  Variables: [0.0, 0.0, 0.5103, 0.4931, 0.5068, 0.5057, 0.5124]
  Objetivos: [1.0004, 0.0, 0.0]

Individuo 48:
  Variables: [1.0, 0.4651, 0.4782, 0.4909, 0.4996, 0.4957, 0.5096]
  Objetivos: [0.0, 0.0, 1.0007]

Individuo 49:
  Variables: [1.0, 0.4595, 0.5033, 0.5076, 0.5096, 0.5097, 0.4989]
  Objetivos: [0.0, 0.0, 1.0003]

Individuo 50:
  Variables: [1.0, 0.1717, 0.5055, 0.4876, 0.4875, 0.4675, 0.4958]
  Objetivos: [0.0, 0.0, 1.0014]

Individuo 51:
  Variables: [1.0, 0.0651, 0.5004, 0.5034, 0.4869, 0.5123, 0.4781]
  Objetivos: [0.0, 0.0, 1.0008]

Individuo 52:
  Variables: [1.0, 0.7669, 0.5061, 0.4817, 0.5231, 0.5109, 0.5197]
  Objetivos: [0.0, 0.0, 1.0014]

Individuo 53:
  Variables: [1.0, 0.4404, 0.5328, 0.5142, 0.4994, 0.4844, 0.5281]
  Objetivos: [0.0, 0.0, 1.0023]

Individuo 54:
  Variables: [1.0, 0.9372, 0.5092, 0.4982, 0.4929, 0.4798, 0.5238]
  Objetivos: [0.0, 0.0, 1.0011]

Individuo 55:
  Variables: [1.0, 0.3266, 0.4865, 0.5066, 0.4967, 0.4928, 0.5029]
  Objetivos: [0.0, 0.0, 1.0003]

Individuo 56:
  Variables: [1.0, 0.6892, 0.507, 0.4893, 0.4844, 0.4884, 0.494]
  Objetivos: [0.0, 0.0, 1.0006]

Individuo 57:
  Variables: [1.0, 0.8537, 0.4884, 0.4889, 0.5323, 0.4808, 0.5148]
  Objetivos: [0.0, 0.0, 1.0019]

Individuo 58:
  Variables: [1.0, 0.817, 0.49, 0.529, 0.5094, 0.4842, 0.4916]
  Objetivos: [0.0, 0.0, 1.0013]

Individuo 59:
  Variables: [1.0, 0.6702, 0.5123, 0.5094, 0.4564, 0.4923, 0.4978]
  Objetivos: [0.0, 0.0, 1.0022]

Individuo 60:
  Variables: [1.0, 0.4242, 0.5136, 0.5219, 0.5102, 0.5044, 0.5045]
  Objetivos: [0.0, 0.0, 1.0008]

Individuo 61:
  Variables: [0.0, 0.9999, 0.5095, 0.5055, 0.4911, 0.5232, 0.5123]
  Objetivos: [0.0002, 1.0009, 0.0]

Individuo 62:
  Variables: [1.0, 0.3811, 0.5139, 0.51, 0.4794, 0.4959, 0.5079]
  Objetivos: [0.0, 0.0, 1.0008]

Individuo 63:
  Variables: [1.0, 0.3706, 0.4955, 0.4905, 0.4903, 0.486, 0.4885]
  Objetivos: [0.0, 0.0, 1.0005]

Individuo 64:
  Variables: [1.0, 0.1061, 0.5001, 0.5018, 0.505, 0.5116, 0.4841]
  Objetivos: [0.0, 0.0, 1.0004]

Individuo 65:
  Variables: [1.0, 0.6594, 0.4976, 0.5055, 0.4994, 0.5121, 0.4945]
  Objetivos: [0.0, 0.0, 1.0002]

Individuo 66:
  Variables: [1.0, 0.7416, 0.4967, 0.5374, 0.5021, 0.5111, 0.5017]
  Objetivos: [0.0, 0.0, 1.0015]

Individuo 67:
  Variables: [1.0, 0.6738, 0.4875, 0.4915, 0.4831, 0.524, 0.4854]
  Objetivos: [0.0, 0.0, 1.0013]

Individuo 68:
  Variables: [1.0, 0.685, 0.503, 0.5219, 0.5211, 0.499, 0.5186]
  Objetivos: [0.0, 0.0, 1.0013]

Individuo 69:
  Variables: [1.0, 0.7574, 0.5057, 0.5192, 0.4907, 0.5024, 0.5067]
  Objetivos: [0.0, 0.0, 1.0005]

Individuo 70:
  Variables: [1.0, 0.0592, 0.517, 0.5135, 0.4912, 0.4902, 0.4758]
  Objetivos: [0.0, 0.0, 1.0012]

Individuo 71:
  Variables: [0.0, 1.0, 0.4866, 0.4953, 0.4789, 0.5265, 0.5193]
  Objetivos: [0.0, 1.0017, 0.0]

Individuo 72:
  Variables: [1.0, 0.6718, 0.5266, 0.503, 0.497, 0.4834, 0.4876]
  Objetivos: [0.0, 0.0, 1.0012]

Individuo 73:
  Variables: [1.0, 0.1455, 0.4999, 0.5063, 0.4931, 0.5088, 0.4978]
  Objetivos: [0.0, 0.0, 1.0002]

Individuo 74:
  Variables: [1.0, 0.067, 0.4972, 0.4869, 0.4919, 0.515, 0.4895]
  Objetivos: [0.0, 0.0, 1.0006]

Individuo 75:
  Variables: [1.0, 0.6605, 0.5071, 0.5263, 0.4929, 0.4976, 0.5055]
  Objetivos: [0.0, 0.0, 1.0008]

Individuo 76:
  Variables: [1.0, 0.5091, 0.4851, 0.4791, 0.5135, 0.4991, 0.5116]
  Objetivos: [0.0, 0.0, 1.001]

Individuo 77:
  Variables: [1.0, 0.0513, 0.491, 0.4943, 0.5385, 0.519, 0.5022]
  Objetivos: [0.0, 0.0, 1.002]

Individuo 78:
  Variables: [1.0, 0.3635, 0.5012, 0.5003, 0.4959, 0.4862, 0.5008]
  Objetivos: [0.0, 0.0, 1.0002]

Individuo 79:
  Variables: [1.0, 0.4795, 0.5052, 0.5077, 0.4738, 0.5008, 0.4929]
  Objetivos: [0.0, 0.0, 1.0008]

Individuo 80:
  Variables: [1.0, 0.4284, 0.4891, 0.5098, 0.4897, 0.5155, 0.5067]
  Objetivos: [0.0, 0.0, 1.0006]

Individuo 81:
  Variables: [1.0, 0.9771, 0.5191, 0.6985, 0.5414, 0.3915, 0.7047]
  Objetivos: [0.0, 0.0, 1.0952]

Individuo 82:
  Variables: [1.0, 0.5713, 0.5033, 0.5093, 0.4909, 0.4868, 0.4857]
  Objetivos: [0.0, 0.0, 1.0006]

Individuo 83:
  Variables: [1.0, 0.3206, 0.5082, 0.5104, 0.4888, 0.4906, 0.4766]
  Objetivos: [0.0, 0.0, 1.0009]

Individuo 84:
  Variables: [1.0, 0.7754, 0.5045, 0.5099, 0.4889, 0.5023, 0.4978]
  Objetivos: [0.0, 0.0, 1.0003]

Individuo 85:
  Variables: [1.0, 0.7568, 0.4912, 0.5091, 0.4956, 0.4965, 0.4998]
  Objetivos: [0.0, 0.0, 1.0002]

Individuo 86:
  Variables: [1.0, 0.6746, 0.5042, 0.4967, 0.5086, 0.521, 0.5067]
  Objetivos: [0.0, 0.0, 1.0006]

Individuo 87:
  Variables: [1.0, 0.612, 0.5034, 0.4854, 0.502, 0.5098, 0.541]
  Objetivos: [0.0, 0.0, 1.002]

Individuo 88:
  Variables: [1.0, 0.6098, 0.4923, 0.5167, 0.5002, 0.4934, 0.493]
  Objetivos: [0.0, 0.0, 1.0004]

Individuo 89:
  Variables: [1.0, 0.5186, 0.4968, 0.5013, 0.5119, 0.4824, 0.4844]
  Objetivos: [0.0, 0.0, 1.0007]

Individuo 90:
  Variables: [1.0, 0.6318, 0.4949, 0.4897, 0.5105, 0.5084, 0.4834]
  Objetivos: [0.0, 0.0, 1.0006]

Individuo 91:
  Variables: [1.0, 0.7365, 0.5064, 0.5028, 0.5109, 0.5181, 0.4828]
  Objetivos: [0.0, 0.0, 1.0008]

Individuo 92:
  Variables: [1.0, 0.9706, 0.4732, 0.496, 0.4753, 0.4799, 0.504]
  Objetivos: [0.0, 0.0, 1.0018]

Individuo 93:
  Variables: [1.0, 0.5892, 0.4915, 0.4948, 0.5025, 0.4872, 0.5157]
  Objetivos: [0.0, 0.0, 1.0005]

Individuo 94:
  Variables: [1.0, 0.1636, 0.5111, 0.4988, 0.4996, 0.5129, 0.5021]
  Objetivos: [0.0, 0.0, 1.0003]

Individuo 95:
  Variables: [1.0, 0.1715, 0.496, 0.5063, 0.5085, 0.509, 0.5348]
  Objetivos: [0.0, 0.0, 1.0014]

Individuo 96:
  Variables: [1.0, 0.2078, 0.5599, 0.5175, 0.4985, 0.5108, 0.476]
  Objetivos: [0.0, 0.0, 1.0046]

Individuo 97:
  Variables: [1.0, 0.4823, 0.5051, 0.4718, 0.5103, 0.5033, 0.5092]
  Objetivos: [0.0, 0.0, 1.001]

Individuo 98:
  Variables: [1.0, 0.2768, 0.4945, 0.5149, 0.5181, 0.4986, 0.5235]
  Objetivos: [0.0, 0.0, 1.0011]

Individuo 99:
  Variables: [1.0, 0.5722, 0.4859, 0.5091, 0.5054, 0.4986, 0.521]
  Objetivos: [0.0, 0.0, 1.0008]

Individuo 100:
  Variables: [1.0, 0.2874, 0.5215, 0.5071, 0.499, 0.5122, 0.4907]
  Objetivos: [0.0, 0.0, 1.0007]

Individuo 101:
  Variables: [1.0, 0.7241, 0.5201, 0.4958, 0.4845, 0.5137, 0.502]
  Objetivos: [0.0, 0.0, 1.0009]

Individuo 102:
  Variables: [1.0, 0.3765, 0.5064, 0.499, 0.5106, 0.5106, 0.5138]
  Objetivos: [0.0, 0.0, 1.0005]

Individuo 103:
  Variables: [1.0, 0.2921, 0.4787, 0.4934, 0.4907, 0.5273, 0.507]
  Objetivos: [0.0, 0.0, 1.0014]

Individuo 104:
  Variables: [1.0, 0.6534, 0.5032, 0.4831, 0.4981, 0.5198, 0.5006]
  Objetivos: [0.0, 0.0, 1.0007]

Individuo 105:
  Variables: [1.0, 0.7926, 0.5001, 0.4849, 0.4986, 0.5124, 0.5025]
  Objetivos: [0.0, 0.0, 1.0004]

Individuo 106:
  Variables: [1.0, 0.8232, 0.5018, 0.5007, 0.4716, 0.4996, 0.5018]
  Objetivos: [0.0, 0.0, 1.0008]

Individuo 107:
  Variables: [1.0, 0.6806, 0.4883, 0.5006, 0.5047, 0.498, 0.5056]
  Objetivos: [0.0, 0.0, 1.0002]

Individuo 108:
  Variables: [1.0, 0.7151, 0.5044, 0.4992, 0.5116, 0.4691, 0.5182]
  Objetivos: [0.0, 0.0, 1.0014]

Individuo 109:
  Variables: [1.0, 0.5604, 0.5023, 0.4831, 0.4996, 0.5087, 0.515]
  Objetivos: [0.0, 0.0, 1.0006]

Individuo 110:
  Variables: [1.0, 0.3197, 0.4889, 0.4937, 0.5071, 0.4967, 0.5034]
  Objetivos: [0.0, 0.0, 1.0002]

Individuo 111:
  Variables: [1.0, 0.6107, 0.4896, 0.4944, 0.507, 0.4964, 0.4919]
  Objetivos: [0.0, 0.0, 1.0003]

Individuo 112:
  Variables: [1.0, 0.5046, 0.4999, 0.5001, 0.5023, 0.4935, 0.5165]
  Objetivos: [0.0, 0.0, 1.0003]

Individuo 113:
  Variables: [1.0, 0.4991, 0.4916, 0.5086, 0.5156, 0.4701, 0.5017]
  Objetivos: [0.0, 0.0, 1.0013]

Individuo 114:
  Variables: [1.0, 0.865, 0.5164, 0.4964, 0.4951, 0.5131, 0.5139]
  Objetivos: [0.0, 0.0, 1.0007]

Individuo 115:
  Variables: [0.1314, 1.0, 0.4665, 0.3941, 0.5439, 0.4786, 0.4238]
  Objetivos: [0.0, 0.9989, 0.2092]

Individuo 116:
  Variables: [1.0, 0.4843, 0.4966, 0.4997, 0.5157, 0.5053, 0.4813]
  Objetivos: [0.0, 0.0, 1.0006]

Individuo 117:
  Variables: [1.0, 0.64, 0.5424, 0.5065, 0.5028, 0.4913, 0.4605]
  Objetivos: [0.0, 0.0, 1.0035]

Individuo 118:
  Variables: [1.0, 0.5055, 0.501, 0.5164, 0.5243, 0.4993, 0.509]
  Objetivos: [0.0, 0.0, 1.0009]

Individuo 119:
  Variables: [1.0, 0.1041, 0.5167, 0.4885, 0.499, 0.48, 0.5409]
  Objetivos: [0.0, 0.0, 1.0025]

Individuo 120:
  Variables: [1.0, 0.1507, 0.5164, 0.504, 0.497, 0.5255, 0.4863]
  Objetivos: [0.0, 0.0, 1.0011]

Individuo 121:
  Variables: [1.0, 0.5547, 0.5024, 0.5039, 0.4764, 0.5234, 0.5008]
  Objetivos: [0.0, 0.0, 1.0011]

Individuo 122:
  Variables: [1.0, 0.4555, 0.5115, 0.5036, 0.4847, 0.503, 0.513]
  Objetivos: [0.0, 0.0, 1.0006]

Individuo 123:
  Variables: [1.0, 0.4882, 0.5065, 0.5052, 0.4834, 0.5299, 0.4752]
  Objetivos: [0.0, 0.0, 1.0019]

Individuo 124:
  Variables: [1.0, 0.51, 0.5, 0.5072, 0.4919, 0.5181, 0.5061]
  Objetivos: [0.0, 0.0, 1.0005]

Individuo 125:
  Variables: [1.0, 0.0738, 0.4953, 0.5198, 0.499, 0.4981, 0.513]
  Objetivos: [0.0, 0.0, 1.0006]

Individuo 126:
  Variables: [1.0, 0.345, 0.5052, 0.4797, 0.4806, 0.4868, 0.5188]
  Objetivos: [0.0, 0.0, 1.0013]

Individuo 127:
  Variables: [1.0, 0.3757, 0.4942, 0.4886, 0.4818, 0.4891, 0.4854]
  Objetivos: [0.0, 0.0, 1.0008]

Individuo 128:
  Variables: [1.0, 0.6974, 0.514, 0.5123, 0.5121, 0.5045, 0.483]
  Objetivos: [0.0, 0.0, 1.0008]

Individuo 129:
  Variables: [1.0, 0.5257, 0.4677, 0.5473, 0.5261, 0.5058, 0.5169]
  Objetivos: [0.0, 0.0, 1.0043]

Individuo 130:
  Variables: [1.0, 0.1234, 0.5142, 0.4983, 0.486, 0.5227, 0.4852]
  Objetivos: [0.0, 0.0, 1.0011]

Individuo 131:
  Variables: [1.0, 0.0078, 0.5044, 0.4706, 0.4808, 0.4841, 0.4923]
  Objetivos: [0.0, 0.0, 1.0016]

